function [] = mm_2021()

%% Constants of the system

% Chassis
mC = 5.73993897;
cr_C_cm = [-0.15125527; 0.00114110; 0.02044990];
JC = [  0.21072042, 0.00112610, 0.01755761; 
        0.00112610, 0.35520870, -0.00015225; 
        0.01755761, -0.00015225, 0.47082310];
% Right Wheel
mR = 3.43497773;
r_R_cm = [0.00000000; 0.00101881;0.00000000];
rrJ = [ 0.02780319, 0.00000000, 0.00000000; 
        0.00000000, 0.05338030, 0.00000000; 
        0.00000000, 0.00000000, 0.02780319];
% Left Wheel
mL = mR;
LLrcm = [0.00000000; -0.00101881;0.00000000];
LLJ = rrJ;

% Link 1
m1 = 0.96821600;
r_1_cm = [0;0;0.07074779];
J1 = [  0.01739000, 0.00000000, 0.00000000;
        0.00000000, 0.00538178, 0.00000000;
        0.00000000, 0.00000000, 0.01232105];

% Link 2 Right
m2R = 0.32122492;
r_2R_cm = [0.01992928; -0.05938485; 0.00000000];
J2R = [ 0.00139985, 0.00048233, 0.00000000;
        0.00048233, 0.00043426, 0.00000000;
        0.00000000, 0.00000000, 0.0017274];

%Link 2 Left
m2L = m2R;
r_2L_cm = [0.01992928;0.05938485;0.00000000];
J2L = [ 0.00139985, -0.00048233, 0.00000000;
        -0.00048233, 0.00043426, 0.00000000;
        0.00000000, 0.00000000, 0.0017274];

% Link 3 Right
m3R = 0.53126936;
r_3R_cm = [0.12556172;0.00545976;0.00000000];
J3R = [ 0.00027263, -0.00058392, 0.00000000;
        -0.00058392, 0.01081142, 0.00000000;
        0.00000000, 0.00000000, 0.01090959];
    
% Link 3 Left
m3L = m3R;
r_3L_cm = [0.12556172;-0.00545976;0.00000000];
J3L = [0.00027263,0.00058392,0.00000000;0.00058392,0.01081142,0.00000000;0.00000000,0.00000000,0.01090959];

% Link 4 Right
m4R = 0.68159286;
r_4R_cm =[0.11650147;0.04372769;0.00000000];
J4R = [ 0.00164808, -0.00340665, 0.00000000;
        -0.00340665, 0.01432027, 0.00000000;
        0.00000000, 0.00000000, 0.01574865];

% Link 4 Left
m4L = m4R;
r_4L_cm = [0.11650147, -0.04372769, 0.00000000];
J4L = [ 0.00164808, 0.00340665, 0.00000000;
        0.00340665, 0.01432027, 0.00000000;
        0.00000000, 0.00000000, 0.01574865];

m5R = 0.52405953;

    

