function [] = mm_2021()

x = gamma(1);
y = gamma(2);
psi = gamma(3);
theta_R = gamma(4);
theta_L = gamma(5);
theta_1 = gamma(6);
theta_R2 = gamma(7);
theta_R3 = gamma(8);
theta_R4 = gamma(9);
theta_R5 = gamma(10);
theta_R6 = gamma(11);
theta_L2 = gamma(12);   
theta_L3 = gamma(13);
theta_L4 = gamma(14);
theta_L5 = gamma(15);
theta_L6 = gamma(16);

%% Constants of the system

% Chassis
mC = 5.73993897;
r_C_cm = [-0.15125527; 0.00114110; 0.02044990];
JC = [  0.21072042, 0.00112610, 0.01755761; 
        0.00112610, 0.35520870, -0.00015225; 
        0.01755761, -0.00015225, 0.47082310];
GamC = mC*r_C_cm;
r_C_R = [0;-.381;0];
r_C_L = [0;.381;0];
r_C_1 = [-.1778;.00129706;.2794];

% Right Wheel
mR = 3.43497773;
r_R_cm = [0.00000000; 0.00101881;0.00000000];
rrJ = [ 0.02780319, 0.00000000, 0.00000000; 
        0.00000000, 0.05338030, 0.00000000; 
        0.00000000, 0.00000000, 0.02780319];
GamR = mR*r_R_cm;
DR = .3048;
r_R_Cent = [0;.0381;0]; % Vector from the chassis to the center of the wheel

% Left Wheel
mL = mR;
LLrcm = [0.00000000; -0.00101881;0.00000000];
LLJ = rrJ;
GamL = mL*r_L_cm;
DL = DR;
r_L_Cent = [0;-.0381;0]; % Vector from the chassis to the center of the wheel

% Link 1
m1 = 0.96821600;
r_1_cm = [0;0;0.07074779];
J1 = [  0.01739000, 0.00000000, 0.00000000;
        0.00000000, 0.00538178, 0.00000000;
        0.00000000, 0.00000000, 0.01232105];
Gam1 = m1*r_1_cm;
r_1_2R = [0; -.2032; 0762];
r_1_2L = [0;.2032;.0762];


% Link 2 Right
m2R = 0.32122492;
r_2R_cm = [0.01992928; -0.05938485; 0.00000000];
J2R = [ 0.00139985, 0.00048233, 0.00000000;
        0.00048233, 0.00043426, 0.00000000;
        0.00000000, 0.00000000, 0.0017274];
Gam2R = m2R*r_2R_cm;
r_2R_3R = [.0762;-.0762,0];

%Link 2 Left
m2L = m2R;
r_2L_cm = [0.01992928;0.05938485;0.00000000];
J2L = [ 0.00139985, -0.00048233, 0.00000000;
        -0.00048233, 0.00043426, 0.00000000;
        0.00000000, 0.00000000, 0.0017274];
Gam2L = m2L*r_2L_cm;
r_2L_3L = [.0762;-.0762;0];

% Link 3 Right
m3R = 0.53126936;
r_3R_cm = [0.12556172;0.00545976;0.00000000];
J3R = [ 0.00027263, -0.00058392, 0.00000000;
        -0.00058392, 0.01081142, 0.00000000;
        0.00000000, 0.00000000, 0.01090959];
Gam3R = m3R*r_3R_cm;
r_3R_3L = [.2032; .0508; 0];
    
% Link 3 Left
m3L = m3R;
r_3L_cm = [0.12556172;-0.00545976;0.00000000];
J3L = [ 0.00027263 ,0.00058392, 0.00000000;
        0.00058392, 0.01081142, 0.00000000;
        0.00000000, 0.00000000, 0.01090959];
Gam3L = m3L*r_3L_cm;
r_3L_4L = [.2032;-.0508;0];

% Link 4 Right
m4R = 0.68159286;
r_4R_cm =[0.11650147;0.04372769;0.00000000];
J4R = [ 0.00164808, -0.00340665, 0.00000000;
        -0.00340665, 0.01432027, 0.00000000;
        0.00000000, 0.00000000, 0.01574865];
Gam4R = m4R*r_4R_cm;
r_4R_5R = [.2286;0;0];


% Link 4 Left
m4L = m4R;
r_4L_cm = [0.11650147; -0.04372769; 0.00000000];
J4L = [ 0.00164808, 0.00340665, 0.00000000;
        0.00340665, 0.01432027, 0.00000000;
        0.00000000, 0.00000000, 0.01574865];
Gam4L = m4L*r_4L_cm;
r_4L_5L = [.2286;0;0];

% Link 5 Right
m5R = 0.52405953;
r_5R_cm = [0.07810882; -0.04160174; 0.00000000];
J5R = [	0.00119073 0.00166130 0.00000000;
		0.00166130 0.00523181 0.00000000;
		0.00000000 0.00000000 0.00625366];
Gam5R = m5R*r_5R_cm;
r_5R_6R = [.1524;0;0];

% Link 5 Left
m5L = m5R;
r_5L_cm = [0.07810882; 0.04160174; 0.00000000];
J5L = [	0.00119073, -0.00166130, 0.00000000;
		-0.00166130, 0.00523181, 0.00000000;
		0.00000000, 0.00000000, 0.00625366];
Gam5L = m5L*r_5L_cm;
r_5L_6L = [.1524;0;0];

% Link 6 Right
m6R = 0.44800661;
r_6R_cm = [0.06557409; 0.04616442; 0.00000000];
J6R = [ 0.00115148 -0.00149053 0.00000000;
        -0.00149053 0.00344884 0.00000000;
        0.00000000 0.00000000 0.00445655];
Gam6R = m6R*r_6R_cm;
r_6R_ER = [.1178;.0508;0];

% Link 6 Left
m6L = m6R;
r_6L_cm = [0.06557409; -0.04616442; 0.00000000];
J6L = [ 0.00115148 0.00149053 0.00000000;
        0.00149053 0.00344884 0.00000000;
        0.00000000 0.00000000 0.00445655];
Gam6L = m6L*r_6L_cm;
r_6L_EL = [.1178;-.0508;0];

%% Next step
% 